2147483647C
0 0
723 1
723 1
723 1
723 1
723 1
723 1
723 1
723 1
723 1
723 1
723 1
723 1
723 1
723 1
723 1
723 1
723 1
723 1
723 1
723 1
723 1
723 1
723 1
723 1
723 1
723 1
723 1
723 1
723 1
63721 1
723 1
723 1
723 1
723 1
723 1
723 1
723 1
723 1
723 1
723 1
723 1
723 1
723 1
723 1
723 1
768 1
723 1
723 1
768 1
723 1
768 1
723 1
723 1
768 1
723 1
723 1
723 1
723 1
723 1
723 1
723 1
723 1
768 1
723 1
723 1
723 1
723 1
1985 1
1985 1
1985 1
1952 1
1952 1
1952 1
1952 1
1952 1
1952 1
1952 1
1952 1
1952 1
1952 1
1952 1
1952 1
1952 1
1952 1
1952 1
1952 1
1952 1
1952 1
1952 1
1952 1
1952 1
1962 1
1965 1
3135 1
1965 1
3135 1
1952 1
1952 1
1952 1
1952 1
1952 1
1952 1
1952 1
1952 1
1952 1
1952 1
1952 1
1952 1
1952 1
1952 1
1952 1
1952 1
1952 1
1952 1
1952 1
1952 1
1952 1
1952 1
1952 1
1952 1
1952 1
1952 1
1956 1
2003 1
2029 1
2012 1
2032 1
2125 1
2714 1
2096 1
2132 1
2094 1
2096 1
889 1
357 1
2090 1
2092 1
2090 1
2526 1
2088 1
3317 1
2074 1
2090 1
2096 1
2093 1
3984 1
2103 1
2148 1
2093 1
3989 1
2230 1
2205 1
2215 1
2097 1
2569 1
2120 1
2078 1
2078 1
2090 1
2090 1
